car	1	118.37342099404752	0.0	223.22290555278212	201.71446580209945
car	13	117.95063259156207	0.0	190.1151375066527	219.3372777020379
car	14	117.95063259156207	1.715795400329687e-05	183.48929828322457	222.8529792663864
car	17	117.95063259156251	9.360608548985944e-05	176.86339518416975	226.36871472344384
car	19	117.95063259156235	0.00033376543227712195	170.23729112677893	229.8845568099429
car	2	117.95063259156207	0.0	216.61847141422558	205.27448364119817
car	20	297.94513716811	11.290600331089749	206.69811639741113	214.16275929557196
car	21	117.95063259156251	0.0009997634179436088	163.61062541425594	233.40069691330592
car	22	118.52650651807602	9.118954888151467	245.96443933940088	189.35298091151031
car	24	117.95063259156235	0.0026131197720519615	156.98260553299826	236.91755554499096
car	25	61.85694693712744	7.4566317975756595	233.75730607664596	195.28749148629177
car	26	117.95063259156207	0.005964711244727966	150.3516545516955	240.435969432194
car	27	117.95063259156235	0.01279939988631693	143.71483799500658	243.9574956213811
car	28	298.3286612381455	14.355173017828173	72.28987156443567	286.0198896999931
car	29	118.18138157235582	0.024717137215713517	137.06790064306637	247.48439195229628
car	30	28.793233867064615	6.263636221086514	225.91024866104445	186.69457308368874
car	31	208.10851355143478	28.206291931533276	122.06633437916379	1.5482031327956554
car	33	118.32411504787402	0.04384376380016397	130.42154470479397	251.0525457118714
car	34	118.32411504787429	0.07082329392037631	123.7567843651672	254.64476861313287
car	38	118.32411504787395	0.10968438984267286	117.05937638525761	258.25458818631046
car	39	208.11230024133653	27.51091601357398	136.82647130498378	29.17790728955182
car	40	118.32411504787402	0.15258016052764656	110.32107698522965	261.8864477261679
car	41	118.32411504787395	0.20956446361757847	103.53710365511729	265.54292494607364
car	42	28.726032980453144	4.959505991061971	220.39134546937422	176.637158309077
car	43	118.32411504787395	0.25725138872559195	96.70271005131649	269.2265780661771
car	44	28.72603298045331	3.774878899283366	215.2996170800146	167.34694963231945
car	46	118.32411504787402	0.30903129143745645	89.81942163563886	272.9365848815414
car	47	28.726032980453144	2.6466651739504847	210.58949462515488	158.75300723150895
car	48	118.32411504787402	0.3590960259561972	82.89935843541932	276.6664128482283
car	49	118.32411504787402	0.39319297047837193	75.95317241779514	280.4103206884806
car	5	117.95063259156207	0.0	209.9926378930925	208.79018217988198
car	50	297.94513716811	12.828610214335818	146.9526215320874	245.85665750583956
car	51	118.32411504787402	0.4026922406965635	68.99277226736032	284.16188976946813
car	52	28.72603298045331	1.7950183404443378	206.19226256795596	150.72995488314052
car	53	208.4167104024613	21.06600464504058	184.9296897240445	118.69532024413937
car	54	298.5300920565946	0.0	240.53012453776162	199.5940528250731
car	55	118.32411504787395	0.40472331890783025	62.02913022997339	287.91520618718783
car	56	118.32411504787402	0.37821061091069436	55.08052736516946	291.6604166780001
car	57	298.5496551284746	0.0	247.1244632733469	196.0067167764782
car	7	117.95063259156235	0.0	203.36680441114655	212.30588069777292
car	9	117.95063259156251	0.0	196.74097086693047	215.82157924870467
person	pf_1.9	300.1166488158467	0.0	217.71336377818528	202.60688194857784
