car	1	117.95063259156235	0.0	215.90733341404896	205.6518168204954
car	10	28.87227827578947	1.010994280546792	228.42262905991194	191.25082345270638
car	11	208.4167104024613	23.29280665839217	171.10203887435017	93.13943264385713
car	12	298.54965512847446	0.053966402470838615	253.7580579363176	192.39752146118425
car	13	117.9506325915622	8.934748721761935	162.0996807497425	234.20241128359902
car	14	117.95063259156207	11.720130654465525	140.34234616907133	245.7469557015879
car	15	298.5496551284746	0.8454680070927457	261.06651834639405	188.42114629595122
car	16	297.9451371681105	13.674278965979873	180.93759963217457	227.828244836226
car	17	118.32411504787402	14.229572473684513	105.73012794321825	264.36091214001675
car	18	298.5412751519905	8.956000359530577	280.40349170103264	174.25389018897394
car	19	118.32411504787395	12.986631114048997	72.38794560363097	282.3319335833787
car	2	117.95063259156235	0.009726569814918267	209.273420786281	209.17180217129118
car	20	28.425334291890962	20.96118266570028	179.8546155209008	102.59197571818251
car	21	118.324115047874	5.487246026952243	41.4621314694856	299.00056262804344
car	22	28.17698311915682	15.226731909412488	156.2000513690468	58.642577891482
car	23	298.5412751519905	11.162867470425036	332.53443806194673	145.900451136043
car	24	118.32411504787402	0.0	34.579283187397685	302.7103322168789
car	25	28.11673034518306	10.362824966271024	140.26330206445218	28.827819845553776
car	28	208.57339101930592	5.249505817304735	260.7099723642104	257.22350857835244
car	3	298.54965512847446	0.0	247.12446421433458	196.00671626450716
car	30	28.108679513572216	1.2587156883598904	127.03957682815894	4.079378639050947
car	4	298.54965512847446	0.0001062470808238447	245.59454420468094	193.1966727434906
car	5	117.95063259156235	0.23125689038862562	202.45605802363434	212.78912702949492
car	6	298.32866123814614	12.166767811123867	120.39389306261415	260.0874947154616
car	7	117.95063259156235	2.0203900573302054	193.8709689314621	217.34441582139604
car	71	297.94513716811	10.205326168039033	211.68420605921895	211.51772943072896
car	72	118.36231329677815	0.0	223.0524560846432	201.80714364979477
car	73	118.52501955371756	8.38030653982713	241.90636900282996	191.55902042864412
car	74	298.5300920887937	0.0	240.5301252869023	199.59405241995842
car	75	298.5259370259152	0.0	239.0001248399617	196.78027530182345
car	8	297.9451371681102	12.045983740606184	137.43280786950245	250.90674548122263
car	9	117.95063259156251	4.3058734954888145	182.2453917338621	223.51300195242345
person	pf_1.4	30.027124233212792	0.0	219.18638674747052	201.75362338223024
person	pf_1.5	30.027124233212792	0.0	218.62766740195755	202.06590167645214
