car	1	118.07024727023943	0.0	218.51089415727654	204.25853274444572
car	10	28.87170951735504	0.0	228.456439843782	191.31219971641954
car	12	297.9451371681102	12.336707753838645	191.17012126494217	222.4000782473586
car	13	117.95063259156207	0.06280713505908259	185.29316419471888	221.8958394999261
car	14	117.95063259156224	0.11893014599845549	178.56656186904036	225.4650064419067
car	15	297.9451371681102	11.507577891118085	206.31933573460185	214.36369554688525
car	17	117.95063259156235	0.18228567828991418	171.78223034515824	229.0648047689223
car	18	298.3983983134987	10.505245187384281	220.42486861178145	206.86426460324614
car	19	117.95063259156224	0.2401333736933938	164.94118626933962	232.6946950436653
car	2	117.95063259156235	0.00041714769974507995	211.88735849422457	207.7848344862872
car	20	28.72603298045331	0.0	224.83251027331775	184.740368975759
car	21	117.95063259156207	0.29775221527951967	158.05318251009442	236.34950234807306
car	22	28.726032980453017	0.0002333969824170057	221.22676884064893	178.16144571388074
car	23	290.9458337395665	9.446292159440608	234.69062843597965	201.9772256914954
car	24	117.95063259156235	0.3609026385565041	151.10802179137522	240.03463740494507
car	25	28.726032980453017	0.0036916308889658085	217.61950803252637	171.5797502469781
car	26	117.95063259156207	0.6779347398449854	143.87494503029086	243.87254207279184
car	27	118.32411504787395	1.95887707459189	135.2386091473826	248.4562079104002
car	28	208.36750871577942	0.0	234.77074441325348	209.54581393588973
car	29	118.32411504787395	8.943277221507435	114.27149638337258	259.7572208210049
car	3	297.9451371681102	13.090610519839633	175.34748882783106	230.79369692958224
car	30	28.72603298045331	0.11459966275092492	213.96296471510652	164.90813545200547
car	31	208.57339101930648	4.992322281414651e-05	238.33957656550518	216.14792307225528
car	32	298.54965512847446	8.469154946670129	247.62751861079406	195.7330152527202
car	33	118.32411504787395	11.571589805671103	70.1528809515398	283.5366056225673
car	34	118.324115047874	7.515300879582595	47.13254780969464	295.94427877101174
car	35	298.5496551284743	7.640581662143206	260.2274580424084	188.87766085136994
car	36	306.11212063746984	7.595111919975797	272.33724342573726	179.40142912800806
car	37	298.54127515199013	9.743189088316472	290.4888543565511	168.7685741657385
car	38	118.32411504787346	2.319573558751182	35.74297720697705	302.0831156188057
car	39	208.57339101930617	0.7164858710605125	242.2520749056406	223.33188895103498
car	4	208.11230024133653	27.387558563270737	135.7044666064209	27.077664511183457
car	42	28.116730345183047	13.257548029494579	148.25688157731935	43.78794863443298
car	44	28.11673034518283	8.068557603112879	134.95895426259912	18.900636894662348
car	45	298.5412751519905	7.199982263998478	350.4311733207789	136.16661686235344
car	5	117.95063259156235	0.0027897531893596025	205.2592594397522	211.30173512765361
car	60	299.2079984819022	2.386249558093415	361.4970625163832	130.10358376277054
car	7	117.95063259156235	0.01076637009557274	198.62459272818876	214.82212059887036
car	72	109.61631441894413	0.0	225.26899923066327	201.45088187499044
car	74	297.9451371681102	13.871884988961419	158.71886904781783	239.61487723569545
car	9	117.95063259156235	0.02813126579253552	191.97415623281788	218.35087359180497
person	pf_1.6	3.8025352997955637	0.9362025108140918	218.92972286813543	202.68164556909824
