car	1	118.37342099404752	0.0	223.22290555278212	201.71446580209945
car	10	118.57740417587895	13.822471173709758	269.6007156094294	176.49023601932936
car	13	117.95063259156207	0.011189155083856662	190.1019266766279	219.34428743080107
car	14	117.95063259156224	0.030068565889199147	183.45049281696686	222.87356962993536
car	17	117.95063259156235	0.06620251917897492	176.76699809334804	226.41986347480537
car	19	117.95063259156235	0.1282915928398221	170.03217406579034	229.99339289060757
car	2	117.95063259156235	0.0	216.61847052043726	205.27448411544646
car	20	21.915742052569833	0.0	230.32458240381627	195.94918711604234
car	21	117.95063259156224	0.20759283549459348	163.22756282671293	233.60395173022127
car	22	28.87071955766313	0.4660985524615594	227.05213201274464	188.76394536187192
car	24	117.95063259156235	0.2998708729310969	156.33960185447125	237.258736331643
car	25	28.72603298045331	1.274338566958667	222.79802213403144	181.02830542502917
car	26	117.95063259156224	0.3877239570147668	149.37061526276725	240.95651350917328
car	27	117.95063259156235	0.4579333009466606	142.33346790645575	244.690457110107
car	28	297.94513716811	13.240187693983836	195.33703228765606	220.18960774907526
car	29	118.32411504787379	0.47527155242556623	135.26717552456654	248.44081098851598
car	30	28.72603298045331	1.7541660223209232	218.25091228262062	172.73179073189974
car	31	208.7587548376138	11.921055625949647	220.27334489155552	183.07825902768715
car	33	118.32411504787395	0.4880678013009215	128.2255637541648	252.23615212224473
car	34	118.32411504787402	0.469463278789884	121.19837743752805	256.0237181158731
car	38	118.32411504787395	0.42610661799306915	114.20694273499032	259.7920144343176
car	39	208.64542563353655	9.996220891493477	228.33821465903776	197.7642162837845
car	40	118.32411504787402	0.3683473094784558	107.26640880185865	263.53287587135077
car	41	118.32411504787402	0.3104651271621135	100.37712684251137	267.24611313218236
car	42	28.726032980453144	2.044517626631933	213.64375955517124	164.32572368143784
car	43	118.32411504787402	0.2468698638056944	93.54136449619733	270.9305039874708
car	44	28.726032980453144	1.8981868671113467	209.10323798718767	156.04122976459107
car	46	118.32411504787402	0.20704677954650197	86.75162890393828	274.59008699498054
car	47	28.72603298045331	1.6277704387191503	204.72003218318522	148.04376927996393
car	48	118.32411504787395	0.15796458943471198	79.99875641016293	278.22980125105187
car	49	118.32411504787402	0.12926147801949675	73.27966190395222	281.8513095920858
car	5	117.95063259156251	0.00010761098790852858	209.99255720914215	208.79022499116684
car	50	208.38152500023475	7.889117113500662	235.1539593057634	210.2562075809671
car	51	118.32411504787402	0.105714803957929	66.57988522087533	285.46240586679954
car	52	29.398273721871472	1.2631125421509746	200.50015375858274	140.37123802735235
car	53	208.57339101930617	7.201491119381444	241.42056294375874	221.80510145040444
car	54	298.5300920565946	0.0	240.53012453776162	199.5940528250731
car	55	118.324115047874	0.16528566394653685	59.8355424782692	289.0975226931164
car	56	118.32411504787402	0.5517535425203278	52.75545975510822	292.9135991917334
car	57	298.5496551284746	0.0	247.1244632733469	196.0067167764782
car	7	117.95063259156224	0.0007479624492261893	203.36610424836977	212.30625220744687
car	9	117.95063259156251	0.0033830150489772026	196.7374074594171	215.82347000954968
