car	0	28.899293267009384	7.5466598859678875	228.59565098763449	191.56886412326475
car	1	118.32833160236035	12.187732506717053	104.7679227008633	264.88243620000947
car	10	28.112300241336424	6.336949463783247	131.89307207706716	13.154580601083904
car	11	208.57339101930623	1.6534664325961865	263.7711434005171	262.8259412721358
car	12	299.1794807736738	0.24737434601061978	362.65556949869995	129.45857217245495
car	2	118.32833160236028	12.972817775140651	78.69598086321292	278.9373646709472
car	3	298.5412751519905	11.803394503472358	297.1223736366175	165.16067717281487
car	4	298.5412751519905	12.848498621416882	324.8860726615197	150.0603115907948
car	5	118.32833160236034	8.399544259826726	51.446599372603465	293.6270302935799
car	6	208.5733910193065	11.987797987479587	245.71875831926235	229.67890651841958
car	7	118.32833160236034	3.5547174501633614	37.31912395251991	301.24290554140913
car	70	297.94513716811025	15.01442731206936	177.37454475155172	229.72368545382284
car	71	28.710306987800255	16.47556315683577	206.59290331780485	151.4391643908407
car	72	118.32833160236035	11.42096660424877	129.76581087103352	251.40651130173933
car	73	28.42167808268331	20.21145595541961	178.0600493189798	99.28103164291379
car	74	298.5441234219712	2.050382120410701	240.85661837502428	199.41749392595253
car	75	298.54965512847446	12.38428294127187	253.4544096085425	188.92029005269862
car	8	208.57339101930668	6.50824669683139	258.3396245258597	252.8528133949401
