car	1	117.94771712194137	0.8721289945195917	215.70976664660697	205.7618848945063
car	10	28.710306987800255	6.170789104949239	219.02629485843343	174.13952318850346
car	11	209.4799823209923	21.156515623916842	192.6387510484216	132.943803893904
car	12	298.54965512847446	5.26796835083241	260.45559722437537	188.75353525904418
car	13	118.32833160235971	14.801240671653725	111.86970287826304	261.05399054639366
car	14	118.32833160236028	13.503500867794932	76.35702436751556	280.19825526545554
car	15	298.54127515199076	10.55111623524965	281.9801663615102	173.39635446378963
car	16	220.486064884037	6.900840866431127	230.78486545783846	204.463030023822
car	17	118.32833160236034	4.0929379162863695	38.71313749207054	300.4914171901422
car	18	298.5412751519905	10.259519944702703	337.75598237553345	143.06051154560308
car	2	117.94771712194122	3.164887459590944	205.57218361281198	211.1402732387232
car	20	28.11230024133645	10.893780083409808	140.88112061343483	29.979005716513093
car	22	28.11230024133644	5.259004278622944	130.45397662065224	10.460786320552366
car	23	299.17948077367333	1.241213393583526	362.3486055282438	129.62998429614422
car	25	28.160608716574153	0.0	126.86686793878799	3.746198481519574
car	3	298.5496551284746	0.0035958179565743586	247.12703034192072	196.00532009001464
car	4	298.54965512847446	0.026856244037651737	245.6157300885389	193.18514596251356
car	5	117.94771712194137	6.006992684069191	191.50869024956614	218.60151212887095
car	6	298.3263879757114	14.512143532413017	115.69215229141048	262.6264614120674
car	7	117.94771712194122	8.986681952254601	172.886392837473	228.4813766892748
car	71	21.943689935625198	0.0	230.32458239152876	195.94918738636738
car	72	118.3936671530424	0.0	223.0495216980164	201.80873915278957
car	73	28.78829256427964	0.015038880991585879	227.24635084091295	189.13319579248096
car	74	298.5300920618879	0.0	240.5301246609131	199.59405275847618
car	75	298.52593703265563	0.0	239.00012454502814	196.78027546258122
car	8	297.94513716811025	13.750945798297256	159.49570001441373	239.2080873571522
car	9	118.22632858779681	12.751504635607496	136.5637477309443	247.75197505782396
