car	1	117.9477171219415	0.00015149999928745097	216.44775083481187	205.37035512426166
car	10	28.886952536485996	0.0	228.45485235204328	191.31489190083755
car	12	298.54965512847446	0.0021924182707070334	253.71210661913074	192.42252257854952
car	13	117.94771712194137	2.503570206333553	179.93285270512118	224.74295131768366
car	14	117.94771712194122	5.775638119353762	165.8072585818798	232.23713711466448
car	15	298.54965512847446	0.04281915089912774	260.33395409649796	188.8197186527513
car	16	297.94513716811	13.519198297086172	144.28425337857158	247.2774830897351
car	17	118.3283316023598	12.275296245975191	115.5520501920095	259.0689014256011
car	18	326.6758277991577	2.6554175946441085	269.56006102991313	183.59917157074648
car	19	118.32833160236035	12.00476942093357	87.69955916881712	274.08369286331026
car	2	117.94771712194137	0.0023499805788687288	209.81935683424604	208.88698003521688
car	20	28.710306987800255	13.20144358432625	210.08783806798266	157.82006798775623
car	21	118.32833160236034	10.903023166312035	60.45356547298652	288.771532184949
car	22	28.421678082683233	19.75680765237747	186.08872905415308	114.11634547726526
car	23	298.5412751519905	11.373906862852916	295.2354634708986	166.18694652176688
car	24	118.32833160236034	3.953806449327715	38.30174689662575	300.71319067477936
car	25	27.57241711227729	16.622113115301403	161.31356622342102	68.29288435663369
car	28	208.5733910193065	11.569501220245014	247.86850923192426	233.62618926765757
car	3	298.5496551284746	0.0	247.12418821058813	196.00686643217333
car	30	28.112300241336563	5.346416505856037	130.2599418467527	10.097579167180516
car	31	208.57339101930623	5.71524905004852	260.12541536614594	256.13180787569166
car	32	299.1794807736736	3.622237817463647	359.70596434796255	131.10566476831065
car	4	298.54965512847446	0.0	245.59418786291053	193.1968666213372
car	5	117.94771712194152	0.019303582505550223	203.17669199441949	212.4111761902533
car	7	117.94771712194152	0.11474410959867214	196.4531843238368	215.9782626611769
car	71	297.94513716811	14.215477869204625	176.4956097582174	230.1899444792937
car	72	118.3936671530424	0.0	223.0495216980164	201.80873915278957
car	73	118.57031837633662	14.41174780248384	274.0331319828883	174.07657184394603
car	74	298.5300920618879	0.0	240.5301246609131	199.59405275847618
car	75	298.52593703265563	0.0	239.00012454502814	196.78027546258122
car	8	298.32638797571127	13.74737162106096	56.93327863299851	294.2997714435537
car	9	117.94771712194122	0.7698218115521233	189.13856248029822	219.85895855629258
