car	1	118.08081487213923	0.11878749001069365	218.40947255036545	204.31643785749554
car	10	28.886952536485996	0.0	228.45485235204328	191.31489190083755
car	12	298.54965512847446	5.2271713405748965	246.88105711594736	196.13914879978284
car	13	117.94771712194165	0.28235937475204304	183.42907304872256	222.88806828667379
car	14	117.94771712194152	0.45489862091353556	176.40507292620296	226.61457787607003
car	15	298.54965512847446	3.793129675993003	256.18709156061726	191.07593682677012
car	16	298.32638797571127	13.478221246021334	83.745693366201	279.8468408194158
car	17	117.94771712194165	5.378956535459652	162.6413938201825	233.9167534568357
car	18	299.040064787636	2.5774852836873854	264.6702964626695	186.4604086031246
car	19	117.94771712194137	10.015258996838199	140.98772130961754	245.4048822792652
car	2	117.94771712194122	0.3567913667937473	211.48097883736133	208.0054239104229
car	20	28.71030698779998	0.9796013750438473	224.36798313687586	183.8921510302052
car	21	118.32833160236035	12.538201104597151	118.29674143306822	257.5892863164502
car	22	28.710306987800255	5.936948991180577	216.41181337438775	169.36611381232916
car	23	310.93845922390375	2.331505842450166	272.02305051787835	180.0449567706106
car	24	118.3283316023598	13.642623183591379	78.85664916385946	278.85075119630864
car	25	29.121120086942295	11.684674656430587	202.0940557077977	143.2253592846913
car	26	118.32833160235974	5.945064187136637	43.01330856222857	298.1732700732064
car	27	118.32833160236034	0.7332472143437582	34.709225864744596	302.6498560159283
car	28	208.42950503558916	0.0	234.77074462016898	209.54401835427475
car	3	294.479057890671	6.507745581379929	236.62232467260753	201.3187416672886
car	30	28.11230024133645	15.406589057018568	155.30375244471193	56.976244130491445
car	31	208.5733910193065	4.101915681978443	240.90937014937433	220.84810903133703
car	32	298.5412751519905	13.030693243392916	322.28993182726197	151.47232357322335
car	35	298.5412751519905	7.58896836864633	349.3261682611523	136.7676167635329
car	36	299.1794807736736	2.4330112354197357	361.3215435171535	130.20350724158953
car	4	292.56446789783354	7.139244424357786	234.6905401468807	198.53191505541514
car	5	117.94771712194122	0.5226711738308227	204.39649317731357	211.76402346731442
car	7	117.94771712194122	0.49900343406732006	197.3150311900002	215.52101884635235
car	71	298.3263879757107	14.203843880699862	112.4369740118191	264.38112865529314
car	72	109.63925559728126	0.0	225.2689993762439	201.45088188813313
car	73	118.53887934800953	14.510933538153292	338.81266322203254	138.84721878944345
car	74	290.0817311046171	7.961500879945595	224.61046227020842	204.6019159519399
car	75	212.26254860343562	8.64528157218209	224.69532041840685	191.13409062813895
car	9	117.94771712194165	0.396366374612271	190.32590271007444	219.2290276515434
