car	1	118.08666490735598	0.03129695726074063	218.48239712558473	204.27717077853129
car	10	28.886952536485996	0.0	228.45485235204328	191.31489190083755
car	12	298.3856466472625	7.428189244816959	239.5700863983975	200.10295975734297
car	13	117.94771712194165	0.3944517210576716	183.83666685491193	222.6718236681019
car	14	117.94771712194137	0.3751364700692612	176.8604310329809	226.37299240882652
car	15	298.54965512847446	6.117490590842308	250.41584174993122	194.21594896775778
car	16	298.32638797571076	13.418634609825443	68.30887975300433	288.16788159210677
car	17	117.94771712194122	2.81876849949251	167.17925774873737	231.50923734775725
car	18	298.54965512847446	4.827325605968171	260.3433618555473	188.81460009462205
car	19	117.9477171219415	7.078310269989828	150.62577034433377	240.2915164585856
car	2	117.94771712194137	0.14432956366474578	211.74436351972457	207.8656879298696
car	20	28.710306987800422	0.28885173668938335	224.71068660034607	184.51784447487427
car	21	118.32833160236015	9.947109579981353	130.98789144374163	250.7477090099081
car	22	28.710306987800255	3.1954629359670594	219.17225784945632	174.40601622514373
car	23	327.44487341589866	3.790662475623265	269.7739229106896	183.41966056201184
car	24	118.32833160235971	15.960275031923585	96.03726888382782	269.58897918277074
car	25	28.710306987800255	8.565789712251089	208.3770318878631	154.69655064375004
car	26	118.32833160235974	8.503924612012383	51.34551877300782	293.6815210793435
car	27	118.32833160235974	3.406551376126394	37.26459827379947	301.2722993824593
car	28	208.42950503558916	0.0	234.77074462016898	209.54401835427475
car	3	282.73701225986485	8.90577320426826	226.8375769269851	203.63866662467314
car	30	28.421678082683233	17.93442290167238	165.56157240686716	76.18647144638796
car	31	208.57339101930623	1.75829560979748	239.23896068156708	217.78097300287737
car	32	298.5412751519905	14.720052972666808	305.9405128217977	160.36458983121372
car	35	298.5412751519905	10.311167453032558	338.9769551417927	142.39643810496867
car	36	298.9617070742769	4.862716310112345	357.07118179897975	132.55519046709486
car	4	220.331692936161	8.698656727939381	226.00712632967543	193.5003228098576
car	5	117.9477171219411	0.3082465569564375	204.8587425882323	211.51878189094276
car	7	117.94771712194122	0.42055127995112984	197.8555177002584	215.2342693975648
car	71	298.32638797571127	14.256927184566305	96.15146443095355	273.159649444751
car	72	109.63925559728126	0.0	225.2689993762439	201.45088188813313
car	73	118.53887934801011	14.442924600529475	355.31980054392886	129.87006570561812
car	74	297.9577618521356	10.463558945318574	213.9751069117886	210.30775301975422
car	75	208.71030698780027	10.931097399472147	218.51325494935259	179.87321547571193
car	9	117.94771712194122	0.4541546496199755	190.82743513341117	218.96294488497776
