car	1	118.08858954641522	0.0024681844322249234	218.50638877327677	204.26425219900483
car	10	28.886952536485996	0.0	228.45485235204328	191.31489190083755
car	12	298.2363178249127	10.866649588057454	217.10746124202777	208.6460960274592
car	13	117.9477171219411	0.3303406287470801	184.6989196928281	222.21436446922223
car	14	117.94771712194137	0.37453252812572246	177.73327203528356	225.90991577039213
car	15	282.8430873812816	10.013270417903003	231.3712818878785	202.5882255020876
car	16	298.3263879757114	13.541207576090004	38.64113155167789	304.15994761058397
car	17	117.94771712194122	0.7480474496528061	170.44715343423735	229.77548956917752
car	18	298.5653697090895	8.858648529311704	244.80465196841524	197.27043744063852
car	19	117.94771712194122	2.7349693427739346	160.91098204283813	234.83480527480248
car	2	117.94771712194105	0.017324037279270402	211.8721395225782	207.79789771181393
car	20	28.71030698779998	0.021728595836753583	224.8275309466883	184.7311739253931
car	21	117.94771712194137	5.470931987686234	147.62356392675645	241.8843055829166
car	22	28.710306987800255	0.4981902659809736	220.99583318376304	177.7354227067189
car	23	298.54965512847446	7.8422591755752995	256.8960539567053	190.690205727919
car	24	118.32833160235987	10.390360280308578	124.75924038506521	254.10546600573366
car	25	28.71030698779998	3.4029543593628038	215.31141166097336	167.35704704768625
car	26	118.32833160235971	13.296530921690321	75.5845352603871	280.61469065077813
car	27	118.32833160236034	8.312069828849435	50.52954354394864	294.12139907346824
car	28	208.42950503558916	0.0	234.77074462016898	209.54401835427475
car	3	297.94513716811025	11.788792684776693	202.47629099743818	216.40766569014954
car	30	28.42167808268331	17.384901113531708	188.52240627119141	118.61326981316859
car	31	208.5733910193065	0.1714628678825777	238.41860390957734	216.2746681955516
car	32	298.5412751519905	11.46938696117642	278.36660494359	175.3617301298612
car	35	298.54127515199076	13.186383645260292	311.8206568170039	157.1664452351751
car	36	298.54127515199076	9.346749126598775	341.38009695016626	141.0893961355492
car	37	299.1794807736736	3.3185858756254163	360.11930308913804	130.87485177966357
car	39	208.57339101930683	3.529836502844722	262.62026137424607	260.7127398114688
car	4	208.71030698780027	13.757784053804349	212.41373138022672	168.73696411086848
car	5	117.94771712194137	0.06065192576532364	205.19470388238648	211.34054115026885
car	7	117.94771712194122	0.1396541417285807	198.44739021246497	214.9202576444376
car	71	298.32638797571127	14.214449633987535	64.81875372368174	290.04919477755567
car	72	109.63925559728126	0.0	225.2689993762439	201.45088188813313
car	74	297.94513716811025	12.906538152835134	186.5690564465527	224.846164254754
car	75	208.71030698780027	16.005071444558794	202.16039827114682	150.0168635101999
car	9	117.94771712194137	0.239704434178522	191.61081977673	218.54732837948342
