car	1	118.08868623940148	0.0009681621513724675	218.5075940993341	204.26360317728162
car	10	28.886952536485996	0.0	228.45485235204328	191.31489190083755
car	12	297.94513716811025	11.20578812594176	208.30265639465807	213.31688483292228
car	13	117.94771712194122	0.2505512159927575	184.9241087365381	222.09489278411763
car	14	117.94771712194093	0.3254777321603122	178.01097730078587	225.7625821546648
car	15	295.20740579146474	10.396501245897944	222.77654325442816	205.59882929291757
car	17	117.94771712194137	0.5178237087389665	170.92416709089358	229.52241497709383
car	18	295.4519996868173	9.454274191874191	237.37275292216643	201.0092332417793
car	19	117.94771712194137	1.7278680454287896	162.60555199866053	233.93576895929488
car	2	117.94771712194137	0.008016795022392845	211.88135050648884	207.7930109209153
car	20	28.71030698779998	0.008598500122936033	224.8334419180865	184.74196592620342
car	21	117.94771712194137	3.993130128231117	151.30898416986432	239.92904452976475
car	22	28.710306987800255	0.216541312204074	221.1349897897404	177.98948893429878
car	23	298.54965512847446	8.616347639782589	250.3779250057741	194.2365786477934
car	24	118.3283316023598	8.588539319348945	132.18436843912932	250.10270915941703
car	25	28.71030698779998	2.009430021358475	216.4311509661741	169.40141956703002
car	26	118.3283316023598	13.928772893351384	86.5527520493244	274.70191655124273
car	27	118.32833160236034	9.986655572100224	57.85800210523204	290.1707550622759
car	28	208.42950503558916	0.0	234.77074462016898	209.54401835427475
car	3	297.94513716811025	11.880463921530158	193.04536754428537	221.41059902640907
car	30	28.450281778778155	14.608063755411914	195.3229422941249	131.17204791048053
car	31	208.57339101930637	0.06771441761977912	238.37314559547661	216.19119953971693
car	32	325.3064625353044	11.097924003729647	271.0138562782415	182.12737113047487
car	35	298.5412751519905	13.200905279042717	301.34895676994563	162.8618858475376
car	36	298.5412751519902	11.0085418937654	333.27246345848124	145.49904737185108
car	37	298.91071582565115	5.079309853200959	356.72024121311836	132.74606312924706
car	39	208.57339101930623	5.046085791945243	260.72441180167874	257.2316600878282
car	4	208.71030698780012	15.546011188114054	206.04616801313387	157.11133705428227
car	5	117.94771712194137	0.031162332471921912	205.2287319193133	211.3224879322016
car	7	117.94771712194122	0.08062923143390777	198.531979017923	214.8753799409643
car	71	298.32638797571127	14.235891771792813	53.52594264562016	296.13645758796594
car	72	109.63925559728126	0.0	225.2689993762439	201.45088188813313
car	74	297.94513716811014	12.90745407585361	176.25860999514572	230.3156685423981
car	75	209.58391877764632	17.9518221032325	194.6850064382721	136.576619028057
car	9	117.9477171219415	0.16312389166194521	191.7664959523353	218.4647360174227
