car	1	339.1164887771322	3.958502931342087	223.9647812010673	204.95298968915353
car	10	28.886952536485996	0.0	228.45485235204328	191.31489190083755
car	12	298.3263879757114	11.806874460100891	62.07129321810305	291.53018246459584
car	13	117.94771712194124	1.2460035433910572	186.69343145801074	221.1561971728853
car	14	117.94771712194137	0.7565102505197917	179.3919538815694	225.02991951496435
car	15	298.32638797571076	11.72254299989312	79.19490412452794	282.29989258105087
car	17	117.94771712194122	0.39980264659936077	172.3950016607807	228.74207912380604
car	18	298.32638797571076	11.353673303026476	97.74220175982342	272.3021803773748
car	19	117.94771712194152	0.16958888355727764	165.59687062262594	232.34875623966127
car	2	118.2231765517249	3.4811710986695	220.18377537952657	203.36104402640876
car	20	28.710306987800422	0.0	224.83736827383154	184.74913449995
car	21	117.9477171219415	0.062128882804065824	158.90400150805476	235.89958774606458
car	22	28.710306987800422	0.0	221.23397207328858	178.17020658835264
car	23	298.3263879757114	11.402353781469571	114.49495569406878	263.27179677395134
car	24	117.94771712194122	0.024458895000782962	152.25182569724677	239.42882984699344
car	25	28.710306987800255	0.0	217.63057564495142	171.5912782608583
car	26	117.94771712194122	0.019804978775645056	145.60694499784765	242.95420160308365
car	27	118.02232628024096	0.05946974685384913	138.93118801995954	246.49595444486107
car	28	208.42950503558916	0.0	234.77074462016898	209.54401835427475
car	29	118.32833160236028	3.6838284998443367	128.07423180538913	252.3184120308302
car	3	298.3263879757114	11.858183721401714	44.8920934326169	300.7904369082351
car	30	28.710306987800255	0.00020586903965346336	214.0270897689511	165.0121866236153
car	31	208.57339101930637	0.0	238.3434711964811	216.13671264890596
car	32	298.3263879757114	11.346535261708226	131.26469820587204	254.23225566885222
car	33	118.32833160236021	9.384708427698003	106.60329664455679	263.89301816369033
car	34	118.32833160236035	13.353450263893087	80.23443096845058	278.1080130898541
car	35	297.9451371681104	11.41503983150033	148.43281603872197	245.07674606402114
car	36	297.94513716811025	11.825992283263735	166.32477978495584	235.58538476501113
car	37	208.83961025822654	9.918746745387107	222.2121441507787	186.62552713100618
car	38	118.32833160235974	8.765363453817038	53.01337358990249	292.7824096783848
car	39	208.57339101930637	0.0005170860179975224	241.9316487261393	222.72517421466253
car	40	118.32833160235974	3.237335594475878	36.97015341096507	301.4310294652258
car	42	29.08207495056377	9.083347603685484	202.23364903095003	143.4802228519618
car	44	28.42167808268331	15.428613992306836	183.49523542776052	109.32411398416366
car	45	327.4452088657014	16.167504468955848	269.78338114994403	183.41172152180863
car	47	28.11230024133641	12.681504287316926	146.40259855374177	40.31447417302081
car	5	117.9477171219415	2.8476935549568596	211.14281839541115	208.18483138589283
car	50	208.57339101930623	5.659875319795121	249.58175198206874	236.77197397837477
car	52	28.11230024133641	7.386878927202093	133.76760569911653	16.663456907538468
car	53	208.57339101930623	5.442708827869963	260.23388909600123	256.3309828033921
car	54	299.1794807736736	3.70600983508996	359.6573276288804	131.13282405770462
car	60	298.5412751519905	13.993544905305884	305.5509632392785	160.57646149511152
car	7	117.94771712194137	2.3021758808863595	202.54004133263922	212.74894452095324
car	72	297.94513716811025	9.286353605231824	206.77398184783505	214.1278188722645
car	9	117.94771712194165	1.8061107969997783	194.39802324533662	217.06860681453628
