car	1	297.94513716811025	12.299366724201441	179.75074893638356	228.46315235872277
car	10	28.886952536485996	0.0	228.45485235204328	191.31489190083755
car	13	117.94771712194137	6.058901407582201	204.85421399686538	211.5211844875915
car	14	117.94771712194122	5.451820205007298	194.0163828947403	217.2710820994723
car	17	117.94771712194124	4.559597947987274	183.7224002022194	222.73244664213087
car	18	298.32638797571076	11.449484226346716	42.52723036879196	302.06518974706546
car	19	117.94771712194137	3.9708124065131996	174.02756060680315	227.87594209910665
car	2	118.54965512847447	13.001567534491555	262.93533507325725	180.11948376690992
car	20	28.710306987800422	0.0	224.83736827383154	184.74913449995
car	21	117.94771712194122	3.11141872287395	164.8797321217855	232.72922654912767
car	22	28.710306987800422	0.0	221.23397207328858	178.17020658835264
car	23	298.32638797571127	11.415959314266173	59.33079566954473	293.007416847961
car	24	117.94771712194137	2.4179185849667353	156.2806804650121	237.2913632091118
car	25	28.710306987800255	0.0	217.63057564495142	171.5912782608583
car	26	117.94771712194137	1.761614798056178	148.18077456055158	241.5886833258079
car	27	117.94771712194093	1.2432914298309148	140.51621735323064	245.65503375766295
car	28	208.42950503558916	0.0	234.77074462016898	209.54401835427475
car	29	118.32833160235987	0.8075186307202492	133.18557933292658	249.5629738537666
car	30	28.71030698779998	0.0	214.02717947551645	165.01235040605658
car	31	208.57339101930637	0.0	238.3434711964811	216.13671264890596
car	32	298.32638797571127	11.42193250789695	76.16794004998455	283.9315435235883
car	33	118.32833160236015	0.9093833206638684	125.74321503006038	253.57502246076334
car	34	118.32833160235971	2.705520163606441	116.32461311541606	258.6524262472123
car	35	298.3263879757114	11.421348890654029	93.03495421425478	274.8395692281634
car	36	298.3263879757114	11.547723502355979	110.10552545880785	265.63786977785577
car	37	208.4167104024613	20.602411817154902	181.59543904013873	112.53304896355206
car	38	118.32833160236042	6.187094093901605	101.59899213327752	266.5907513203074
car	39	208.57339101930637	0.0	241.93142120093256	222.7247564423903
car	40	118.32833160235971	10.896457514457474	78.303896101124	279.14873071801884
car	41	118.32833160235974	2.586831780542923	36.1476088433712	301.87444887501425
car	42	28.710306987800255	0.2002545557355121	210.33315781679426	158.26796237763196
car	44	28.71030698779998	2.4774458227175478	205.34879140815445	149.16771764670628
car	45	297.94513716811025	13.418931181591528	201.58614074704036	216.8798742054786
car	47	28.42167808268303	12.680303821016727	188.0250528452504	117.6942651444308
car	5	208.77884399458583	9.427757547197944	221.02418929055685	184.45757287139546
car	50	208.5733910193065	0.05837111348488375	245.54544235128571	229.3606709839992
car	52	28.42167808268331	18.084531222922255	167.6161797441627	79.98295426305901
car	53	208.5733910193065	0.7433856402027424	249.47415410240606	236.57440725018063
car	54	298.5412751519905	14.899409044230282	313.9794610502877	155.99229574186157
car	57	298.5412751519905	6.489115414757768	352.80626293221195	134.8748321693077
car	60	298.3755945405642	14.11189029870466	239.5625519039559	200.10606730228545
car	7	138.74422755736234	7.223742960543096	226.96052668278517	197.78322238740347
car	72	297.94513716811025	11.514832177743465	151.98798639351352	243.19079286204467
car	9	117.9477171219415	6.650680905149598	216.26397172015385	205.4678572058616
