car	1	297.94513716811	12.250177535425369	168.93028641787288	234.20321089238698
car	10	28.886952536485996	0.0	228.45485235204328	191.31489190083755
car	13	117.94771712194105	5.938721775689422	210.36745515283155	208.59619222136246
car	14	117.94771712194165	5.7273267131448895	199.007547314044	214.623072169752
car	17	117.94771712194124	5.285917828769001	188.15204857869946	220.3823431591194
car	18	298.3263879757114	11.370460102205865	32.502787222314	307.46875308827583
car	19	117.94771712194122	4.577587783707522	177.82468947358598	225.86141520738963
car	2	118.56750871022129	12.960678985346243	274.32008213220894	173.9205184127759
car	20	28.710306987800422	0.0	224.83736827383154	184.74913449995
car	21	117.94771712194137	3.8929463304838277	168.05102048776632	231.04673277059268
car	22	28.710306987800422	0.0	221.23397207328858	178.17020658835264
car	23	298.3263879757114	11.385131467601113	49.304472670330256	298.41199350264776
car	24	117.94771712194152	3.279158422049367	158.82435935754265	235.9418410536424
car	25	28.710306987800255	0.0	217.63057564495142	171.5912782608583
car	26	117.94771712194124	2.566999627677416	150.11505787795087	240.5624696006988
car	27	117.94771712194122	1.856165192890171	141.91517138815428	244.9128333682362
car	28	208.42950503558916	0.0	234.77074462016898	209.54401835427475
car	29	118.32833160235987	1.3225777479019831	134.1441068019603	249.04624843689555
car	30	28.71030698779998	0.0	214.02717947551645	165.01235040605658
car	31	208.57339101930637	0.0	238.3434711964811	216.13671264890596
car	32	298.32638797571127	11.330260810061692	66.14139496015154	289.3362398937253
car	33	118.3283316023598	1.0755072978907638	126.59347668577621	253.11666125287627
car	34	118.32833160236042	1.7872873785698626	118.21320546959853	257.63431909531374
car	35	298.3263879757114	11.418646319672543	82.99788233701776	280.24993994466416
car	36	298.3263879757114	11.431831550891438	100.02380548440385	271.0723075490129
car	37	208.41671040246118	22.509961175782212	171.29035212700492	93.48746806728516
car	38	118.32833160235971	4.568398638039872	106.20233107315168	264.1091716999517
car	39	208.57339101930637	0.0	241.93142120093256	222.7247564423903
car	40	118.32833160236028	8.708657175891927	86.83360247323043	274.5505149930614
car	41	118.3283316023598	4.650901252724067	39.39006915491099	300.1264951540246
car	42	28.710306987800255	0.07226836522088273	210.39130283543065	158.3741210858999
car	44	28.710306987800255	1.231333879123603	206.17887389379197	150.68324703336262
car	45	297.94513716811014	13.216923848166	189.77487672928498	223.14553491106267
car	47	28.436495755728334	9.70383465357038	193.2939173251616	127.42730329864388
car	5	208.71030698780027	11.433879839620168	215.9649558566851	175.22063910197807
car	50	208.57339101930623	0.021086863442569447	245.52872612696112	229.32997735176474
car	52	28.42167808268331	15.362680240009395	175.5155548207632	94.57934024707325
car	53	208.5733910193065	0.3049663464439711	249.25063747001408	236.16399535454562
car	54	298.54127515199076	15.490142368984825	300.44777038868597	163.35203104765498
car	57	298.5412751519905	8.661319762143325	346.07435998275605	138.53623894036824
car	60	284.58872532859004	14.04181986031965	226.09556540406035	203.90870246371222
car	7	206.0428853527763	7.949259729742261	224.5972105434559	190.95712028408184
car	72	297.94513716811025	11.502656534893122	141.85000289293117	248.56880869150797
car	9	118.34327865389064	5.63282	222.1004201934988	202.32479054117746
