car	1	297.94513716811025	12.26804440123165	154.87024779866172	241.66180561713077
car	10	28.886952536485996	0.0	228.45485235204328	191.31489190083755
car	13	117.94771712194137	4.0410670922625185	215.63054843666453	205.80391328486166
car	14	117.94771712194122	4.5419245641915005	204.6598667525413	211.62429337953537
car	17	117.94771712194165	4.694989714384553	193.7638016043607	217.40508645372677
car	19	117.94771712194122	4.609997851999082	183.1172262033869	223.05351535946647
car	2	118.5388793480098	12.990259828131315	289.1139960926941	165.87507553904092
car	20	28.710306987800422	0.0	224.83736827383154	184.74913449995
car	21	117.9477171219411	4.26094049481644	172.81358908806465	228.52000195487588
car	22	28.710306987800422	0.0	221.23397207328858	178.17020658835264
car	23	298.32638797571127	12.84560205719971	35.15092579030262	306.04130377469914
car	24	117.94771712194122	3.8254417972962007	162.96123865678612	233.74706313366772
car	25	28.710306987800255	0.0	217.63057564495142	171.5912782608583
car	26	117.94771712194165	3.281943427562661	153.56037104059448	238.73459484057435
car	27	117.94771712194122	2.733099031529222	144.66315770279652	243.4549180529713
car	28	208.42950503558916	0.0	234.77074462016898	209.54401835427475
car	29	118.25682662614577	2.1654330461263465	136.2098181958398	247.93974866026295
car	30	28.71030698779998	0.0	214.02717947551645	165.01235040605658
car	31	208.57339101930637	0.0	238.3434711964811	216.13671264890596
car	32	298.3263879757107	12.532825907125623	52.326324157959306	296.78309844258933
car	33	118.32833160236015	1.7306480124170276	128.1685094109498	252.26758862032943
car	34	118.3283316023598	1.6402458179876125	120.08548935971105	256.62500355155095
car	35	298.3263879757109	12.325481081756088	69.42081411188659	287.56850588098814
car	36	298.32638797571127	12.183553099030505	86.55885203553446	278.3304392760583
car	37	207.63678598458537	24.85995468161404	156.63290681117525	66.2427646475724
car	38	118.32833160235971	2.9863141005819234	110.33788344380726	261.87976764867983
car	39	208.57339101930637	0.0	241.93142120093256	222.7247564423903
car	40	118.32833160235971	6.370907024545486	95.35514480562503	269.95670035931926
car	41	118.32833160235974	7.058625345829707	46.18314170333416	296.4644683912884
car	42	28.710306987800255	0.019292520176897632	210.4152490286707	158.4178410296185
car	44	28.71030698779998	0.4120965811683633	206.6296017001365	151.50616674040077
car	45	297.94513716811	12.931677077455577	174.79155042569005	231.09391695707
car	47	29.59433740552677	6.19435310890855	198.24475939056683	136.3549767136881
car	5	208.71030698780027	13.858721481604114	207.99941273889462	160.6774884096485
car	50	208.5733910193065	0.005676904480326116	245.52181748664282	229.3172919952481
car	52	28.42167808268339	11.902518258294364	183.87243555936467	110.02110060155118
car	53	208.5733910193065	0.08509403596711008	249.14855750907415	235.9765603980175
car	54	298.5412751519905	15.464983426119153	282.7673497414353	172.96821422187526
car	57	298.5412751519905	11.429518667295126	334.53284456516576	144.81354017533033
car	60	297.94513716811025	14.02922201935346	209.953975841327	212.4408899052154
car	7	208.71030698780027	10.65226918349806	218.6784655145264	180.1748499166732
car	72	298.3263879757112	11.482795013563392	128.7034774446471	255.61285291618802
car	9	90.28914377920793	3.336901826454494	226.1140180737097	202.38586952005468
