car	10	54.971093940309856	5.131968707455588	233.08935319708598	195.25816672572572
car	14	118.39366714409304	0.0	223.04952152939097	201.80873924447565
car	17	117.94771712194137	0.0	216.44786675594491	205.37029362352044
car	19	117.94771712194122	0.0	209.82142974029236	208.885880276657
car	20	28.765714862195185	3.596603867106597	226.57319213950876	187.90826766369625
car	21	117.94771712194152	0.0	203.19499247921544	212.40146706000084
car	22	28.71030698780013	2.2937319979750836	222.08592699813016	179.72566974658616
car	24	117.94771712194122	6.185908237308086e-05	196.56851425948486	215.91707557352882
car	25	28.71030698779998	1.1866046348384491	217.96721289468005	172.20589626983255
car	26	117.94771712194165	0.00034238142860583426	189.94180038258213	219.43280911249758
car	27	117.94771712194122	0.0014698054131513944	183.31415544613165	222.94903661534346
car	28	219.18538597556824	5.021552643038188	231.08251729234883	204.70530477284208
car	29	117.94771712194137	0.005232654634920069	176.68335238712248	226.46693962698689
car	30	28.710306987800255	0.4846546502016578	214.12900472522705	165.1982586271191
car	31	208.52483902946105	3.388957676820867	236.73027549353762	213.16577064599036
car	33	117.9477171219415	0.015642423655524006	170.04345789815127	229.98966600143552
car	34	117.94771712194137	0.042047282126423766	163.3816277496888	233.52403010994144
car	38	117.94771712194137	0.1007949084145842	156.67130646147996	237.0841206840102
car	39	208.5733910193065	2.0781406244301093	241.1495107500443	221.28904516251072
car	40	117.94771712194122	0.20347766310428478	149.86597284187295	240.69461905390617
car	41	117.94771712194122	0.39924747529146765	142.9009594260661	244.38983386477483
car	42	28.71030698779998	0.12847037583882326	210.44645065364338	158.47480763278833
car	43	118.30750105939744	0.7060682564244268	135.6217399048436	248.251747429125
car	44	28.710306987800255	0.027374614452131463	206.8247092939106	151.86238590782162
car	46	118.32833160235987	1.5458593907771652	127.56283898330044	252.5940949692076
car	47	28.806692893512334	0.005262016008458824	203.21770691940154	145.27687399678618
car	48	118.32833160235971	13.7080175924637	90.94438316421181	272.3344649216387
car	49	118.32833160235974	10.626966312369373	61.44522793710523	288.236944270965
car	50	208.5733910193065	1.0944821324274934	245.2101945935487	228.74510306725043
car	51	118.32833160235974	3.5440628357784414	37.541983154275215	301.122766038212
car	52	29.644151025834223	0.0008147354343423609	199.57903074686382	138.71219860643015
car	53	208.5733910193065	0.4249985800714616	249.01462494762183	235.73063902811919
car	57	298.5300920890701	0.0	240.53012529332975	199.59405241648264
