car	10	118.5482354508349	8.138840271165558	245.41347596675004	189.65274816056612
car	14	118.39366714409304	0.0	223.04952152939097	201.80873924447565
car	17	117.94771712194137	0.0	216.44786675594491	205.37029362352044
car	19	117.94771712194122	0.0	209.82142974029236	208.885880276657
car	20	22.898688711924056	1.6875323776892046	230.28227277283997	195.70501646988308
car	21	117.94771712194152	0.0	203.19499247921544	212.40146706000084
car	22	28.73259698273625	2.8709448826185366	225.58526593812257	186.1105658874034
car	24	117.94771712194122	0.0	196.56855501742996	215.91705394982856
car	25	28.710306987800106	2.8787767031361313	220.56791452489227	176.95414697347758
car	26	117.9477171219415	5.192109882094771e-05	189.94208258921566	219.43265939072828
car	27	117.94771712194122	0.0002754814498848378	183.31542546728286	222.94836281894308
car	28	298.25599292599475	9.307703096695693	217.32850039034255	208.52883878014768
car	29	117.94771712194137	0.001071303793020399	176.68808336590033	226.4644296558201
car	30	28.710306987800255	2.413650449980296	215.84445845783495	168.33026127528956
car	31	208.64542563353632	7.467547551075405	231.17476162802964	202.95701147119047
car	33	117.94771712194122	0.003625659085623785	170.05852841117579	229.98167049882687
car	34	117.9477171219415	0.01086481010572193	163.4228796691971	233.5021443367428
car	38	117.94771712194137	0.027985832821442395	156.77249099898046	237.03043828897646
car	39	208.5334851967002	6.086584192614219	236.99556648972649	213.65446458633826
car	40	117.94771712194122	0.06487109507771638	150.0897376919535	240.57590295979313
car	41	117.94771712194122	0.1350030078143755	143.34418727371437	244.15468397927677
car	42	28.710306987800255	1.8564886003918744	211.42820652609066	160.2672558544534
car	43	118.2337989987353	0.27382808054645585	136.47705372237294	247.7979696547273
car	44	28.710306987800255	1.1709744667267843	207.2990880533577	152.72848652166067
car	46	118.32833160235994	0.5770315747751741	129.3539614496345	251.62853213143455
car	47	28.754107961624193	0.6046828241066846	203.40552171104378	145.61977827546633
car	48	118.32833160235971	7.769220973077244	110.7592788410619	261.65260075013134
car	49	118.32833160235971	12.410361594350642	83.7175500297637	276.23032444021857
car	50	208.5733910193065	4.574180596173599	242.36933081638435	223.52882777019724
car	51	118.32833160236035	7.670223922500715	48.18802773510467	295.38366934899284
car	52	29.633626716914137	0.23609998640426774	199.6407449666351	138.82180306074397
car	53	208.5733910193065	3.2619045121314216	247.23561262997097	232.46409098723484
car	55	118.32833160235977	2.4899680770923047	35.97567655213584	301.9671345702419
car	57	298.5300920890701	0.0	240.53012529332975	199.59405241648264
