car	10	118.54965512847447	11.731807216728066	262.0333321733201	180.61024402680448
car	14	118.39366714409304	0.0	223.04952152939097	201.80873924447565
car	17	117.94771712194137	0.0	216.44786675594491	205.37029362352044
car	19	117.94771712194122	0.0	209.82142974029236	208.885880276657
car	20	21.943690168688207	0.0	230.3245823932364	195.9491873487996
car	21	117.94771712194152	0.0	203.19499247921544	212.40146706000084
car	22	28.778629763551756	0.6399997307187402	226.95828697852323	188.60901401009966
car	24	117.94771712194122	0.0	196.56855501742996	215.91705394982856
car	25	28.71030698779998	1.5440653828652744	222.55782949458586	180.58724930450907
car	26	117.94771712194137	0.0	189.94211779652997	219.43264071185698
car	27	117.94771712194122	5.2811128455247185e-05	183.3156451302772	222.94824627904552
car	28	297.94513716811025	13.113334705553926	198.39337131988708	218.57358030769018
car	29	117.94771712194124	0.0002454017532471946	176.68900535757152	226.46394050280986
car	30	28.71030698779998	1.9283538347897256	217.9319868877228	172.14158212076666
car	31	208.8585825887104	11.353756445763572	222.48378144113357	187.11890914818133
car	33	117.94771712194165	0.0009308212450438747	170.06178920013562	229.97994052144702
car	34	117.94771712194137	0.003053992716180217	163.4328130774403	233.4968742711921
car	38	117.94771712194122	0.008331081068563664	156.79923904030497	237.01624739621525
car	39	208.64542563353658	9.589222577206668	229.76288419659267	200.37232297094025
car	40	117.94771712194122	0.02187665863156629	150.15460729705123	240.54148707123386
car	41	117.94771712194137	0.0504482353058145	143.48594410593833	244.0794763788453
car	42	28.710306987800255	2.028765440395574	213.30118247375574	163.68685588011465
car	43	118.20865369353312	0.10279522831625673	136.76886448434712	247.6431525158011
car	44	28.710306987800255	1.8331285046533297	208.79060706985732	155.4516386654213
car	46	118.3283316023598	0.22404297172910675	129.97231764240567	251.29518710814943
car	47	28.71030698779998	1.5574674012666774	204.45636004431395	147.53835432333082
car	48	118.3283316023598	3.297192188868479	119.63405058636314	256.86836630941235
car	49	118.32833160235971	8.168977488558284	100.95430889994218	266.9382887913314
car	50	208.5094963075014	8.238169628689626	236.39454643803137	212.5465198288127
car	51	118.32833160236028	11.481796559253102	64.45125415119101	286.61644804234396
car	52	29.521364514170273	1.1182908614592584	200.2992578230537	139.9913218937434
car	53	208.57339101930637	6.564082615799778	242.6986048852909	224.13342704926293
car	55	118.32833160236034	6.079283112121151	43.310648127479666	298.0129795069261
car	56	118.32833160236034	0.9650245794512031	34.796915093726405	302.60258428416836
car	57	298.5300920890701	0.0	240.53012529332975	199.59405241648264
